LC076267,2024,12,11,1000,1030,booked
LC076267,2024,12,15,0900,0930,unbooked
LC076267,2024,12,16,0930,1000,unbooked
LC076267,2024,12,16,1430,1500,unbooked
LC076267,2024,12,16,1530,1600,unbooked
LC076267,2024,12,27,1600,1630,unbooked
LC076267,2024,12,27,1630,1700,unbooked
LC076267,2024,12,21,0900,0930,unbooked
LC076267,2024,12,23,1500,1530,booked
LC076267,2024,12,22,1500,1530,booked
LC076267,2024,11,21,1430,1500,unbooked
LC076267,2024,12,21,1500,1530,booked
LC076267,2024,12,21,1530,1600,unbooked
LC076267,2024,12,17,1430,1500,unbooked
LC076267,2024,12,18,1500,1530,booked
LC076267,2025,2,1,1000,1030,unbooked
LC076267,2025,2,1,1030,1100,unbooked
LC076267,2025,2,1,1100,1130,unbooked
LC076267,2025,2,1,1600,1630,unbooked
LC076267,2025,2,1,1630,1700,unbooked
LC076267,2024,12,19,1000,1030,unbooked
LC076267,2024,12,19,1030,1100,unbooked
LC111222,2024,12,20,1500,1530,booked
LC111222,2024,12,28,1530,1600,unbooked
LC111333,2024,12,27,1000,1030,unbooked
LC111333,2024,12,27,1030,1100,unbooked
LC076267,2024,12,28,0930,1000,unbooked
LC076267,2024,12,28,1000,1030,unbooked
LC076267,2024,12,28,1500,1530,unbooked
